Feature	Gain	Cover	Frequency
ctrx_quarter	0.197544436999864	0.0178229723520368	0.0134749163293557
mcuentas_saldo	0.040702345365376	0.0131762717387193	0.0195377525451646
mtarjeta_visa_consumo	0.0349656152782999	0.0119483352502626	0.0158755191084477
mcaja_ahorro	0.0284614408370783	0.00732406409071032	0.0122570922917871
cpayroll_trx	0.0192510864014065	0.00819752870222864	0.00471359231807111
foto_mes	0.0191307013323744	0.0152523252187938	0.0173912281623999
ctrx_quarter_lag1	0.018672793288112	0.00734151091221604	0.00838458707879935
mdescubierto_preacordado	0.0178591576460443	0.00179605832142347	0.0015332317019748
mcaja_ahorro_lag1	0.0164554780046243	0.00581291377629286	0.0101018065850111
ctarjeta_visa	0.0162148304143642	0.000303479440707147	0.000525679440677075
mpayroll	0.016118424603495	0.0117672501684264	0.00567733795931241
mpasivos_margen	0.0137857173349603	0.0100660115725388	0.0104259755734287
mcuenta_corriente	0.0127220814908943	0.00729315812133867	0.0104347368974399
mprestamos_personales	0.012691405668818	0.00857395699335988	0.00326797385620915
mdescubierto_preacordado_delta1	0.0102064429170687	0.00359966521697538	0.000981268289263874
Visa_status	0.00972550539168111	0.00121601366245144	0.000665860624857629
mactivos_margen	0.00924567190628445	0.00848330255226024	0.013483677653367
Master_status	0.00904501427292315	0.00163019427733086	0.000709667244914051
cliente_edad_lag1	0.00868319394359365	0.0108781037763154	0.015332317019748
numero_de_cliente	0.00848164124734681	0.0101132854796603	0.016471289141215
mrentabilidad_annual_delta1	0.00813766890837948	0.00664409710403678	0.0129141915926335
Visa_Fvencimiento_lag1	0.0080458126441758	0.00491526250925739	0.0114948571028054
ctrx_quarter_delta1	0.00801364921917303	0.00758549819102036	0.0119942525714486
Master_fechaalta	0.00798545123514146	0.00879790368745318	0.0114773344547828
mrentabilidad_annual	0.00784254782302678	0.00753313459329258	0.011328391946591
cproductos_delta1	0.00779129217956238	0.00436899464340794	0.00157703832203123
cliente_edad	0.00759978141444972	0.00647123929859772	0.0124498414200354
mprestamos_personales_lag1	0.00693489390229275	0.00309747779922033	0.00181359407033591
ctarjeta_visa_trx	0.00658995116698807	0.0066878916533157	0.0111181201703201
Visa_Fvencimiento	0.00657403471971096	0.00709191463681186	0.0119329233033696
Master_Fvencimiento	0.00646159977281724	0.00588057457459383	0.0116700835830311
mprestamos_personales_delta1	0.00624325953473832	0.00855953785568101	0.00333806444829943
Visa_fechaalta_lag1	0.00587671262188492	0.00491461362654258	0.0100317159929208
mcuenta_corriente_lag1	0.00564850091358137	0.00700471734259846	0.0100404773169321
Master_Fvencimiento_lag1	0.00561536823053061	0.00434702016840285	0.0106012020536543
mcuentas_saldo_delta1	0.00558406977909041	0.00828330580176159	0.0105836794056318
mcaja_ahorro_dolares_delta1	0.00550221102545251	0.00655231190238011	0.00689516199688097
Visa_fechaalta	0.00532386453125163	0.00471871283770281	0.00940090066410836
chomebanking_trx	0.00531762903714662	0.00465808461228105	0.00869123341919431
Master_fechaalta_lag1	0.00521461132839306	0.00606863428100092	0.0102770330652368
Visa_mpagominimo	0.00516491312067703	0.00686502249322842	0.00981268289263874
mrentabilidad_annual_lag1	0.00502999863170931	0.00791439103909753	0.00916434491580368
mrentabilidad	0.00488889475460093	0.00420441929591157	0.00831449648670907
mcuenta_corriente_delta1	0.00479827376448179	0.00813153503218182	0.00891026651947643
ccaja_ahorro	0.00472544982643651	0.00388803275335775	0.00320664458813016
mcaja_ahorro_delta1	0.00459115621529364	0.00751079575100679	0.0079552822022464
mrentabilidad_delta1	0.00442871836711098	0.00400299120682702	0.00757854526976117
mcomisiones_mantenimiento	0.00439260200630881	0.00576972829908724	0.0045471271618567
Visa_mfinanciacion_limite	0.00437569085129736	0.00515908754816938	0.00622930137202334
cliente_antiguedad_lag1	0.00432657828593171	0.0049351625270508	0.00867371077117174
mtransferencias_recibidas	0.00423953915241349	0.00450761014789502	0.00678126478473427
mactivos_margen_lag1	0.00423467916200329	0.00778326946517496	0.00792023690620127
cliente_antiguedad	0.0042027687343515	0.00411246416891053	0.00865618812314917
Master_mfinanciacion_limite	0.00414211907635552	0.00518983373699333	0.00749969335365961
Visa_mpagospesos_lag1	0.00412229817438572	0.00524292345622882	0.00769244248190787
cproductos	0.00397286065239679	0.00729283502493537	0.00778005572202071
mcuentas_saldo_lag1	0.00392350966229999	0.00731787584159103	0.00780633969405457
mactivos_margen_delta1	0.00390269619008003	0.00379674994970022	0.00707038847710666
Visa_fultimo_cierre	0.0037289191500396	0.00450685497537865	0.00660603830450858
Visa_mpagominimo_lag1	0.00372102072473031	0.00537588807840248	0.00694772994094868
mrentabilidad_lag1	0.00357098880018641	0.00302038656700708	0.00655347036044087
Visa_mpagospesos_delta1	0.00356256171124381	0.0043920060396008	0.00739455746552419
ccomisiones_mantenimiento_delta1	0.00353450672329188	0.00421487250977987	0.00134924389773783
mcaja_ahorro_dolares_lag1	0.00352100778907472	0.00434060212426789	0.00648337976835059
chomebanking_trx_delta1	0.00346836787923962	0.00588073850528561	0.00647461844433931
ccomisiones_mantenimiento	0.00322205237766172	0.00295498752038375	0.00134048257372654
mtransferencias_recibidas_lag1	0.00316886396039632	0.00549576837220569	0.00657975433247472
Visa_mpagospesos	0.00315464765343149	0.00470560383903134	0.00679878743275684
Visa_Finiciomora	0.00314600819030185	0.00613778067717911	0.00129667595367012
Master_mfinanciacion_limite_lag1	0.00311803950403953	0.00524152493452309	0.00575618987541397
chomebanking_trx_lag1	0.00310348079493647	0.00315593634467976	0.00682507140479069
mcomisiones_otras	0.00304551254412024	0.00283438502465337	0.00526555573078204
Visa_cconsumos_lag1	0.0030443438076417	0.00399829309000164	0.00544954353501901
Visa_mconsumospesos_lag1	0.00299268310127796	0.00281766324869207	0.00618549475196692
mcomisiones	0.00294587604930241	0.00317837471356933	0.00515165851863534
Visa_mpagominimo_delta1	0.00291729951638075	0.00329939960174323	0.00529183970281589
mpasivos_margen_lag1	0.00291542391807565	0.00406842660563845	0.00624682402004591
Master_fultimo_cierre_lag1	0.00284326340953161	0.00359190452437094	0.00576495119942526
thomebanking	0.00283385876571068	0.00166503850288576	0.00158579964604251
Visa_mfinanciacion_limite_lag1	0.00282228733638235	0.00284097460807762	0.00531812367484974
Visa_msaldototal	0.00275715511987151	0.00172086116886279	0.00366223343671696
Visa_mconsumospesos	0.00275692221213417	0.00300205061555611	0.00609788151185407
Master_fultimo_cierre	0.00273801013882955	0.00278750261445821	0.00580875781948168
cprestamos_personales	0.00270228611262695	0.00288435721712778	0.000946222993218735
mpasivos_margen_delta1	0.00268920450510887	0.00356169109108163	0.00588760973558324
mcaja_ahorro_dolares	0.00268002899349512	0.00599987438620527	0.005510872803098
mcuenta_debitos_automaticos	0.00264846263201775	0.00751952242807676	0.00400392507315706
ccomisiones_otras	0.00260050250199478	0.00471762334802317	0.00445075259773257
mtarjeta_visa_debitos_automaticos_lag1	0.00256815647024066	0.00419415460618154	0.0046610243740034
Visa_msaldopesos	0.00255636713238342	0.00375722090315195	0.00527431705479332
mtarjeta_visa_consumo_lag1	0.00253614225221161	0.00468461433155829	0.00354833622457026
cmobile_app_trx	0.00252454832508452	0.00323188298252232	0.00532688499886103
mcomisiones_mantenimiento_lag1	0.00246562665248229	0.00517472898013895	0.00422295817343917
Visa_mconsumospesos_delta1	0.00242447765951927	0.00318980812998943	0.00526555573078204
Visa_mlimitecompra	0.00235415054388272	0.00310305859021124	0.00401268639716834
mtransferencias_emitidas	0.00234783466817558	0.00768131495024793	0.00604531356778636
Visa_mconsumosdolares_lag1	0.00234313770119748	0.00334422069684967	0.00499395468643221
Visa_fultimo_cierre_lag1	0.00233166908152512	0.00267538554945861	0.0053444076468836
Visa_cconsumos	0.00229629421217592	0.00302015070048431	0.00491510277033065
Visa_mlimitecompra_lag1	0.00225149643413177	0.00303763871601291	0.00392507315705549
mtarjeta_visa_debitos_automaticos	0.00224656766175198	0.00326519787997796	0.00441570730168743
mcomisiones_otras_lag1	0.00218088536731679	0.0014225634904772	0.00396011845310063
mtransferencias_recibidas_delta1	0.0021792715086578	0.0035939626115698	0.00505528395451121
mpayroll_lag1	0.00217004757653428	0.00611396300021389	0.0036972787327621
ccomisiones_otras_lag1	0.00216810262623294	0.00443091940458701	0.00424924214547302
Master_mlimitecompra	0.00206992578959228	0.00253086577330471	0.0037498466768298
Visa_msaldopesos_lag1	0.00204905086789052	0.00282858450658895	0.00332054180027686
tcallcenter	0.00204773206332987	0.000889037258692237	0.000963745641241304
mcomisiones_lag1	0.00203582656640503	0.00161204177761983	0.00375860800084109
mtransferencias_emitidas_lag1	0.00195817799251214	0.00285936574107416	0.00482748953021781
mcomisiones_otras_delta1	0.00194344138401418	0.00272441304616961	0.0038637438889765
mautoservicio	0.00192546764331699	0.00615449161665305	0.00425800346948431
cmobile_app_trx_lag1	0.00192220996228803	0.00368146909151833	0.00443322994971
ccallcenter_trx_delta1	0.0018754683549302	0.0026424635323107	0.00120906271355727
ctransferencias_recibidas_lag1	0.0018641028901964	0.0030962383663716	0.00430181008954073
mpayroll_delta1	0.00182825153807183	0.00863309677728718	0.00446827524575514
mtransferencias_emitidas_delta1	0.00182280113575675	0.00430755375828862	0.00380241462089751
Visa_Finiciomora_lag1	0.00179525377120668	0.00517790084304587	0.00105135888135415
mtarjeta_visa_debitos_automaticos_delta1	0.00179393351765383	0.00479367765904866	0.00334682577231071
mcomisiones_delta1	0.00178820698693199	0.002425980795519	0.00372356270479595
Master_mlimitecompra_lag1	0.00175522410029575	0.00228952490305208	0.00325921253219787
cproductos_lag1	0.00173669559933095	0.00281759223511532	0.00359214284462668
Visa_msaldopesos_delta1	0.00172884919376454	0.00208255675587237	0.00321540591214144
Visa_msaldototal_lag1	0.00172331684503659	0.001550148219376	0.00295256619180291
ccaja_ahorro_delta1	0.00171726236028733	0.00576846465706462	0.000578247384744783
mpagomiscuentas	0.00169934645165937	0.00389075440248481	0.00311903134801731
Visa_mconsumosdolares	0.00160558181933901	0.00256977314363834	0.00360966549264925
Visa_msaldototal_delta1	0.00154934540826641	0.00262111565220954	0.00357462019660411
ctarjeta_visa_trx_lag1	0.00147757988029403	0.00506632498757816	0.00396887977711192
internet	0.00144841931713267	0.00320369774002349	0.00222537629886628
Visa_cconsumos_delta1	0.00143680882194279	0.00307022841421508	0.00311027002400603
ctransferencias_recibidas	0.00142332411528951	0.00220507953864674	0.00270724911948694
ccallcenter_trx	0.00141558449524298	0.00675780298253435	0.00251449999123868
mtarjeta_master_consumo	0.00140484759237319	0.00180949702598699	0.00117401741751213
mpagomiscuentas_lag1	0.0013170157241302	0.00433289100282903	0.00290875957174648
mtarjeta_visa_consumo_delta1	0.00131522084788573	0.00357417172719521	0.00294380486779162
ctarjeta_debito	0.00130088505884256	0.00183899832529128	0.00247945469519354
Visa_mconsumosdolares_delta1	0.00125507088003415	0.00215622511831543	0.00277733971157721
cmobile_app_trx_delta1	0.00125188945812415	0.00291770039704688	0.00294380486779162
mautoservicio_lag1	0.00124936338948877	0.00241324085225396	0.00311027002400603
ccaja_seguridad	0.00124238829977076	0.00299701234062393	0.000648337976835059
Master_mpagospesos_lag1	0.00123806976086663	0.00291109859375391	0.00261963587937409
ctarjeta_visa_debitos_automaticos_lag1	0.0011854335248158	0.00285682162588897	0.00226918291892271
Master_mpagominimo_lag1	0.00118272056439647	0.00207174086552282	0.0018749233384149
mcuenta_debitos_automaticos_lag1	0.0011633057369852	0.00233552709842636	0.00239184145508069
Master_mpagominimo	0.0011572002970078	0.00371823875337008	0.00208519511468573
Master_msaldototal	0.00112925125567746	0.00227067648565982	0.00254954528728381
ctarjeta_debito_lag1	0.00112628070071665	0.00170441084306715	0.00199758187457289
Master_msaldopesos	0.00111432487998093	0.00298752119164063	0.00196253657852775
ctarjeta_debito_trx	0.00110011778001874	0.0016653647503244	0.00288247559971263
Master_fultimo_cierre_delta1	0.00109478971313481	0.00143431154930337	0.00219033100282115
ctransferencias_emitidas	0.00106871292552265	0.00487641723737615	0.00251449999123868
ccomisiones_otras_delta1	0.00106528782833641	0.00167662024853002	0.00203262717061802
mcomisiones_mantenimiento_delta1	0.00105675632181443	0.00661157311644946	0.00147190243389581
ccaja_seguridad_lag1	0.00105643178060465	0.000611886562691776	0.00032416898841753
mautoservicio_delta1	0.00104761807479516	0.00498885778305165	0.0027861010355885
Visa_fultimo_cierre_delta1	0.00104619766255034	0.00185934709662866	0.00236555748304684
Master_status_lag1	0.00103840386641973	0.00224290172315386	0.000411782228530376
ctarjeta_debito_trx_lag1	0.00101919895199454	0.00367640207299556	0.00259335190734024
mdescubierto_preacordado_lag1	0.00101430037501242	0.00127595357878948	0.00115649476948957
Master_mpagospesos_delta1	0.00100715092238121	0.00592947287885622	0.0021027177627083
Master_mpagospesos	0.000991299224771512	0.00373406555844259	0.00308398605197217
ctransferencias_emitidas_lag1	0.000927720158803523	0.00351610621575254	0.00228670556694528
internet_lag1	0.000890770752050212	0.00302329827736282	0.00193625260649389
cplazo_fijo	0.000875573057550884	0.00250790779100346	0.000385498256496522
ctransferencias_emitidas_delta1	0.000825502619536045	0.00295739114550584	0.00171721950621178
cprestamos_personales_delta1	0.000805671599437803	0.00219498654191503	0.000367975608473953
Visa_mpagado	0.000786331654907033	0.00280750861463509	0.00195377525451646
ctarjeta_visa_trx_delta1	0.000779872377836824	0.00238258512120039	0.00169093553417793
ctarjeta_master	0.000777093228039582	0.000152021238461398	0.000227794424293399
ctarjeta_visa_debitos_automaticos	0.000771000516977831	0.0019024796210698	0.00165589023813279
Master_msaldototal_lag1	0.000759319895214924	0.000967312588499604	0.00150694772994095
mextraccion_autoservicio_delta1	0.000750927762642152	0.00278696885981479	0.00180483274632462
ccuenta_debitos_automaticos_lag1	0.000724001388481804	0.00274183319915679	0.00143685713785067
mextraccion_autoservicio_lag1	0.000723274829504552	0.00137707760377024	0.00222537629886628
ccajas_consultas_delta1	0.000717708798756558	0.00413081779690116	0.000770996512993044
ctransferencias_recibidas_delta1	0.00069725440074927	0.00170802469632027	0.00170845818220049
Master_mconsumospesos_lag1	0.000693538870633889	0.00200506611071718	0.00174350347824563
ctarjeta_debito_trx_delta1	0.000677808361474896	0.00326725796539435	0.00180483274632462
mprestamos_prendarios	0.000663356223212377	0.00575772961767041	0.000657099300846344
mplazo_fijo_dolares	0.00066220588367878	0.00274691535802006	0.000525679440677075
Master_mconsumospesos	0.000660824558434386	0.00154262362385789	0.00196253657852775
ccuenta_debitos_automaticos	0.000659098005599147	0.00180291105472519	0.00147190243389581
tcuentas_lag1	0.000647621272595054	0.00477431162646223	0.000595770032767352
Master_msaldopesos_lag1	0.000644038541991236	0.00183745009098002	0.00127915330564755
Master_mpagominimo_delta1	0.000638741908881611	0.00295070687731259	0.00150694772994095
mcuenta_debitos_automaticos_delta1	0.000612068817826799	0.00249000845008226	0.00147190243389581
Master_msaldototal_delta1	0.000611862260979272	0.00253060231600916	0.00120906271355727
matm_lag1	0.000601730885124777	0.0023869031155684	0.00183111671835848
ccomisiones_mantenimiento_lag1	0.000601417143516311	0.00105429115474826	0.00106012020536543
mextraccion_autoservicio	0.000594838650458907	0.00196426688951207	0.00162960626609893
thomebanking_lag1	0.000584966071170787	0.00045713814157786	0.00101631358530901
cpagomiscuentas	0.000547009699042164	0.00155153636572149	0.00134924389773783
mpagomiscuentas_delta1	0.000544768923429444	0.00134970356073308	0.00149818640592966
Master_cconsumos	0.000529147942720928	0.00137076700225465	0.00109516550141057
ccaja_ahorro_lag1	0.000527397031235992	0.000837260829499479	0.000770996512993044
Master_mconsumospesos_delta1	0.00052336532794055	0.00213335567242155	0.0013054372776814
ctarjeta_visa_debitos_automaticos_delta1	0.000518227212118971	0.00218169985559265	0.000770996512993044
cpagomiscuentas_lag1	0.000512645933535505	0.0010969926790396	0.0012528693336137
thomebanking_delta1	0.0005123762642416	0.000888965399715765	0.000753473864970474
ccallcenter_trx_lag1	0.000503250949308644	0.00315661074309532	0.000990029613275158
Visa_mpagado_delta1	0.000497566034661623	0.00142581943222932	0.000990029613275158
matm_delta1	0.000491562562257098	0.00141678618247791	0.00124410800960241
cextraccion_autoservicio_lag1	0.000482452064641047	0.002525941012499	0.00115649476948957
matm	0.000478986120234154	0.000853079564847364	0.00129667595367012
ccajas_trx_delta1	0.000475833638650498	0.0013627930383564	0.000551963412710929
Master_mfinanciacion_limite_delta1	0.00047046925628033	0.00462242918726448	0.000946222993218735
mtarjeta_master_consumo_lag1	0.000469610338283208	0.00177076473025058	0.000884893725139743
Visa_msaldodolares_lag1	0.000461385970276139	0.00134001758554084	0.00133172124971526
Visa_mpagosdolares	0.000460671314617722	0.000884541192400708	0.000946222993218735
mplazo_fijo_dolares_delta1	0.000446617512845197	0.00389184658207266	0.00063081532881249
cextraccion_autoservicio	0.000433110339467589	0.00101100261563093	0.000893655049151028
tpaquete7	0.000426572459383315	0.0016186492681473	0.000315407664406245
cprestamos_personales_lag1	0.000416501805297485	0.00184865793938306	0.000604531356778636
mttarjeta_master_debitos_automaticos	0.000403815360553564	0.00315131047110346	0.000806041809038182
Master_msaldopesos_delta1	0.000403448298512492	0.00133097703461	0.000981268289263874
Master_mlimitecompra_delta1	0.000403072520702161	0.00156719240004992	0.000709667244914051
mcaja_ahorro_adicional_lag1	0.000399505278873167	0.00442446001272013	0.000797280485026897
Visa_status_lag1	0.000389324997134055	0.000505398707030877	0.000140181184180553
Visa_mpagosdolares_lag1	0.00037631194627573	0.000886354805370529	0.000911177697173597
mttarjeta_master_debitos_automaticos_lag1	0.000373735427783801	0.00115001215324354	0.000797280485026897
tmobile_app	0.000368425908360418	0.000209742902780288	0.000753473864970474
catm_trx_lag1	0.000361893367669757	0.00276697115992609	0.00100755226129773
ccajas_otras_delta1	0.000357399636379281	0.00127038877353879	0.000201510452259546
Master_cconsumos_lag1	0.000340229631361368	0.000663113866337056	0.000893655049151028
Visa_mfinanciacion_limite_delta1	0.000334627699346449	0.000879630419117689	0.000727189892936621
Visa_status_delta1	0.000330080000209357	0.000665407128368012	0.000359214284462668
ctarjeta_master_trx	0.000327764108227445	0.00232083743283606	0.000770996512993044
Visa_mpagado_lag1	0.000324202997753904	0.00147848137920487	0.000753473864970474
mforex_sell	0.000304416949721631	0.00109269120839345	0.000648337976835059
tcallcenter_lag1	0.000301900313534121	0.00122991433953642	0.000429304876552945
cextraccion_autoservicio_delta1	0.000292045876387456	0.000797090585688429	0.000718428568925336
Master_Fvencimiento_delta1	0.000281379649218824	0.000257901098012277	0.000622054004801206
Visa_msaldodolares_delta1	0.000272803832277095	0.00171882936590986	0.000735951216947905
Master_cconsumos_delta1	0.00026768329944802	0.000815717277789657	0.000569486060733498
cseguro_accidentes_personales_lag1	0.00026738252878304	0.00046647973166468	0.000516918116665791
ccajas_extracciones	0.000263548239269136	0.00227912110664033	0.000648337976835059
ccuenta_debitos_automaticos_delta1	0.000262790458537878	0.00233886857925956	0.000455588848586798
mforex_sell_lag1	0.000262625837851475	0.000678155909902882	0.000578247384744783
Visa_Fvencimiento_delta1	0.000261188505736494	0.000217624718108706	0.000551963412710929
Visa_mlimitecompra_delta1	0.000259110679898652	0.00057901019712892	0.000587008708756067
minversion1_pesos	0.000254366174294151	0.00307236666067861	0.000271601044349822
Master_fechaalta_delta1	0.000246109238355607	0.00015445091726587	0.000639576652823775
ccajas_otras	0.00024350619296084	0.00118790804123563	0.00021027177627083
cpagomiscuentas_delta1	0.00023435061491534	0.00142165314868436	0.000622054004801206
Visa_mconsumototal_lag1	0.000233489989787831	0.00026586084382427	0.000446827524575514
Visa_fechaalta_delta1	0.000231598683587704	0.00027115788792627	0.000446827524575514
mtarjeta_master_consumo_delta1	0.000228593862661176	0.00169742553571793	0.000569486060733498
cseguro_accidentes_personales	0.000228261567532799	0.000373503131234456	0.000367975608473953
ctarjeta_master_trx_lag1	0.000224321785262448	0.000595116906364333	0.000429304876552945
mforex_sell_delta1	0.000220366162816149	0.00105389443171452	0.000499395468643221
mcaja_ahorro_adicional	0.000219934337971654	0.00146819663044504	0.000315407664406245
mplazo_fijo_dolares_lag1	0.000219765889512217	0.00254655639216727	0.000508156792654506
Visa_msaldodolares	0.000215727734129032	0.000587750708012546	0.000508156792654506
mttarjeta_master_debitos_automaticos_delta1	0.000212286288147838	0.00225372645177325	0.000516918116665791
minversion2	0.000205539451538072	0.00320608468771468	0.000376736932485237
cpayroll_trx_lag1	0.000201605208841682	0.000655889464575205	0.000587008708756067
catm_trx	0.000200299592058785	0.0012324091909741	0.000674621948868913
Master_Finiciomora	0.000198596391546291	0.000620476361861112	0.000175226480225692
Master_mconsumosdolares_delta1	0.000192812393590985	0.000395635465424226	0.000367975608473953
matm_other_delta1	0.000192302255540967	0.00114777222824967	0.000525679440677075
matm_other_lag1	0.000184697456343179	0.000657248329348466	0.000394259580507806
ctarjeta_visa_delta1	0.000181363524474033	0.00259434653110159	0.000332930312428814
matm_other	0.000176274615214255	0.00151279569284237	0.000464350172598083
tpaquete9	0.000175797709436044	0.000431157470993571	0.000219033100282115
ccajas_trx_lag1	0.000174868006284294	0.00114148437567208	0.000963745641241304
tcallcenter_delta1	0.000173480040117964	0.000380455391139958	0.000297885016383676
Master_delinquency	0.000167234011808555	0.000147160497471089	0.0001138972121467
tmobile_app_lag1	0.000163534416352252	9.24639039253643e-05	0.000403020904519091
Visa_mconsumototal_delta1	0.000161718788901883	0.000159838188574691	0.00042054355254166
mprestamos_hipotecarios	0.000158278186279834	0.00105080610967115	7.88519161015613e-05
tmobile_app_delta1	0.00015198230102968	0.000449236805201288	0.000315407664406245
ctarjeta_debito_delta1	0.000149393526241532	0.00282770475289518	0.000280362368361107
Visa_mpagosdolares_delta1	0.000148534347665986	0.00126313570504087	0.000753473864970474
Visa_mconsumototal	0.000145791022558634	0.000251825056492611	0.00030664634039496
tpaquete9_lag1	0.000144835752819048	0.000632672866813173	0.000227794424293399
mcheques_emitidos_delta1	0.000144461178258442	0.0024188933485123	0.000332930312428814
catm_trx_delta1	0.000141691396556386	0.0009339955391174	0.000429304876552945
ccajas_trx	0.000140683051532969	0.000508582789806522	0.000411782228530376
cforex_buy_delta1	0.000136979490227801	0.00179057367543744	0.000157703832203123
cseguro_vivienda_lag1	0.000136332568186804	0.000338580206650778	0.000201510452259546
catm_trx_other	0.000134545592598886	0.00106755655236852	0.000341691636440099
mprestamos_hipotecarios_lag1	0.000132490076459276	0.00224674567884072	0.000175226480225692
cseguro_vida_lag1	0.000130717752355438	0.00186882694799748	0.000332930312428814
minversion2_lag1	0.000128670130894961	0.0028281650346172	0.000271601044349822
active_quarter_lag1	0.000127547872441703	0.000120398446979005	0.000245317072315968
ctarjeta_master_debitos_automaticos_lag1	0.000125344992446704	0.000297241774131309	0.000236555748304684
ccheques_depositados_delta1	0.000124324293678357	0.00236010855561423	0.000245317072315968
mcheques_depositados_delta1	0.000122949924611167	0.00237296462605943	0.000341691636440099
Master_mpagado_lag1	0.000121382101818696	0.000428007665333975	0.000245317072315968
minversion1_pesos_delta1	0.000109999200616999	0.000133088127387772	0.000201510452259546
ccajas_consultas	0.000109742972849136	0.000643678203555248	0.000192749128248261
Master_mconsumosdolares_lag1	0.000109326312983396	0.000290092459235782	0.000227794424293399
Master_mpagado	0.00010806005855642	0.00031976560524744	0.000201510452259546
cseguro_vivienda	0.000105710544778421	0.00024554711814814	0.000166465156214407
cliente_edad_delta1	0.000103934145816806	0.000240828096893248	0.000192749128248261
mcaja_ahorro_adicional_delta1	0.000103003112743299	0.00229066880573209	0.000297885016383676
cforex	0.000102890760233929	0.000388053920706584	0.000201510452259546
ctarjeta_master_trx_delta1	0.000100539520060023	0.00118173454818423	0.00032416898841753
internet_delta1	9.80664180574674e-05	0.000171945926555816	0.000236555748304684
cpayroll_trx_delta1	9.73066833441909e-05	0.000254508201505001	0.000271601044349822
Master_mconsumosdolares	9.69697880058612e-05	0.000292304793456871	0.000262839720338538
Master_delinquency_lag1	9.59346937739064e-05	0.000550265914849496	0.000148942508191838
cseguro_vida	9.36589941820966e-05	0.000276233514155311	0.000166465156214407
Master_msaldodolares	9.35450130417812e-05	0.00167184197243998	0.000201510452259546
Visa_delinquency	8.58449723593351e-05	8.26104627334074e-05	7.88519161015613e-05
catm_trx_other_lag1	8.409676688438e-05	0.000574399310184076	0.000166465156214407
ccajas_depositos_lag1	8.15162038419484e-05	0.000515300412861576	0.000140181184180553
Master_msaldodolares_lag1	7.97725176524868e-05	0.000652977600510429	0.00021027177627083
cplazo_fijo_lag1	7.86837589844234e-05	0.000285133421314021	7.88519161015613e-05
Master_mpagado_delta1	7.74023447964556e-05	0.000414234489898149	0.000140181184180553
mtarjeta_visa_descuentos_delta1	7.47093109722861e-05	0.000671671540316911	0.000148942508191838
mcheques_depositados	7.40954376624612e-05	0.000596890324420043	0.000201510452259546
cprestamos_hipotecarios	7.39189421532216e-05	0.000583781172039529	4.38066200564229e-05
active_quarter	7.28119017051949e-05	0.00014676415870995	0.000140181184180553
catm_trx_other_delta1	6.75559020483128e-05	0.000149256166530378	0.000192749128248261
ctarjeta_master_debitos_automaticos	6.73174209923043e-05	0.000484014859014218	0.000157703832203123
mtarjeta_visa_descuentos_lag1	6.29307400544775e-05	0.000153653013636212	0.000122658536157984
Master_mconsumototal	6.14066843470934e-05	0.000120277554818587	0.0001138972121467
mprestamos_hipotecarios_delta1	6.1387139081153e-05	1.7362281533404e-05	9.63745641241304e-05
ctarjeta_visa_lag1	5.22452476545473e-05	0.00185163904937062	0.000254078396327253
ccajas_depositos	5.15790879936459e-05	0.000668186725803367	0.000131419860169269
ccheques_depositados_lag1	4.78502042407672e-05	0.00042684331935157	4.38066200564229e-05
Master_mpagosdolares_lag1	4.58047777845523e-05	0.00010295938777983	0.000183987804236976
ccheques_emitidos	4.53328508947419e-05	0.000888903992954053	9.63745641241304e-05
ccajas_extracciones_lag1	4.47954046154061e-05	0.000300495179684257	0.000254078396327253
Master_status_delta1	4.46662037407976e-05	0.000121143090426102	0.000192749128248261
mprestamos_prendarios_delta1	4.37585436918844e-05	0.00210903621229335	0.000201510452259546
Master_mconsumototal_lag1	4.25712157353292e-05	0.000334295490290048	0.000157703832203123
cforex_lag1	4.24830006086128e-05	0.000603631234394744	0.000122658536157984
cforex_sell_lag1	4.22646903241673e-05	0.0011643422165334	0.000105135888135415
ctarjeta_visa_descuentos_lag1	4.07134226404256e-05	0.000648493216105984	0.0001138972121467
mcheques_emitidos_lag1	4.03806415351997e-05	0.000373898624595873	7.88519161015613e-05
active_quarter_delta1	4.02582985230093e-05	0.00011813976948218	6.13292680789921e-05
Visa_delinquency_lag1	3.97744169829693e-05	2.67462184609048e-05	6.13292680789921e-05
ccajas_extracciones_delta1	3.66333361039331e-05	0.000349424379463803	0.000140181184180553
mprestamos_prendarios_lag1	3.56002244532818e-05	0.000430295163275909	8.76132401128459e-05
Visa_delinquency_delta1	3.46274069797037e-05	9.96823110346326e-05	7.00905920902767e-05
minversion1_pesos_lag1	3.42004314126821e-05	0.00103670107641671	0.0001138972121467
cforex_sell	3.4088598823123e-05	0.000338593809900869	7.88519161015613e-05
ccajas_consultas_lag1	3.37671116498821e-05	0.000251993598455608	0.000131419860169269
Master_mpagosdolares_delta1	3.25423681083346e-05	3.40460913616813e-05	0.0001138972121467
Master_msaldodolares_delta1	3.19958529763285e-05	0.00129611836040528	0.000140181184180553
cinversion2	3.15570554951286e-05	0.00127083153243018	0.000122658536157984
ccheques_emitidos_lag1	3.13105740253264e-05	0.000710563462891965	7.88519161015613e-05
tpaquete7_lag1	3.10471552242093e-05	0.000689871305557923	0.000192749128248261
Master_mpagosdolares	2.82931177868684e-05	2.81008562355496e-05	0.0001138972121467
mcheques_emitidos_rechazados_lag1	2.43799801094469e-05	0.000125017864775601	3.50452960451383e-05
ctarjeta_visa_descuentos_delta1	2.43317255787015e-05	0.000267284420103616	6.13292680789921e-05
mtarjeta_master_descuentos_delta1	2.39207064347101e-05	0.000146369433893737	4.38066200564229e-05
Master_mconsumototal_delta1	2.38820035564347e-05	0.000198040034412054	8.76132401128459e-05
cforex_delta1	2.36245702413809e-05	0.000324532737432034	7.00905920902767e-05
cforex_buy	2.34260948839789e-05	0.000330312812194061	3.50452960451383e-05
cprestamos_hipotecarios_lag1	2.31959966589982e-05	0.000531298296096258	4.38066200564229e-05
mcheques_depositados_lag1	2.00917951390485e-05	0.00045687645193627	8.76132401128459e-05
mforex_buy_delta1	1.97194791060711e-05	0.000993332839161842	7.88519161015613e-05
ccajas_depositos_delta1	1.97186880969931e-05	0.000211602628462283	6.13292680789921e-05
ctarjeta_master_lag1	1.74320608459879e-05	4.61783459347794e-05	2.62839720338538e-05
mtarjeta_visa_descuentos	1.72778999490587e-05	0.000138987941492412	6.13292680789921e-05
cseguro_auto	1.70247492908378e-05	0.000349367583973308	5.25679440677075e-05
mforex_buy	1.58441599751092e-05	0.000316486760848275	2.62839720338538e-05
minversion2_delta1	1.56104565697347e-05	0.00012261239514502	3.50452960451383e-05
ctarjeta_master_debitos_automaticos_delta1	1.45685973696548e-05	8.01437400501554e-05	3.50452960451383e-05
tpaquete7_delta1	1.43905414025351e-05	0.000405433878779655	4.38066200564229e-05
mtarjeta_master_descuentos_lag1	8.37385485409643e-06	8.49444576601172e-05	2.62839720338538e-05
tcuentas	8.27557059071452e-06	9.76167689472984e-06	8.76132401128459e-06
ccheques_depositados	6.64968671974381e-06	0.000205588915958573	6.13292680789921e-05
cpagodeservicios_lag1	5.94188029186371e-06	0.000652077710932345	5.25679440677075e-05
Master_delinquency_delta1	5.64220419221918e-06	8.19641930722824e-05	1.75226480225692e-05
Master_cadelantosefectivo_delta1	5.00185611389671e-06	1.30322210057028e-06	8.76132401128459e-06
mtarjeta_master_descuentos	4.84623924140911e-06	3.79053410980814e-05	8.76132401128459e-06
Master_madelantopesos_lag1	4.32973023643188e-06	7.0146657759775e-06	8.76132401128459e-06
Visa_madelantopesos_lag1	3.43193974192935e-06	1.15377848586491e-05	8.76132401128459e-06
cprestamos_prendarios_lag1	3.35819686609505e-06	9.92084260625198e-05	8.76132401128459e-06
ctarjeta_visa_descuentos	3.03291337826813e-06	2.6663522997072e-05	8.76132401128459e-06
Visa_madelantopesos	2.99009892342805e-06	4.5015998169902e-06	1.75226480225692e-05
ccheques_emitidos_rechazados_lag1	2.72338192183496e-06	3.31352884417156e-05	8.76132401128459e-06
cplazo_fijo_delta1	2.023235517595e-06	3.04159449502679e-06	8.76132401128459e-06
ccajas_otras_lag1	1.3799909291432e-06	4.36003379061464e-06	8.76132401128459e-06
Visa_cadelantosefectivo_delta1	1.35877799934163e-06	1.29092537732376e-06	8.76132401128459e-06
mcajeros_propios_descuentos_lag1	7.58100975205339e-08	2.28704450026422e-05	8.76132401128459e-06
Visa_cadelantosefectivo	5.42941257182527e-11	1.18686435685008e-05	1.75226480225692e-05
Visa_cadelantosefectivo_lag1	5.36649030712313e-11	1.63577160986836e-06	8.76132401128459e-06
Master_cadelantosefectivo	8.43631721773383e-14	1.75148377561812e-05	7.88519161015613e-05
Master_madelantopesos	1.61534697379612e-14	1.35129460301214e-05	7.88519161015613e-05
Master_madelantopesos_delta1	1.854901129536e-16	1.42180862537891e-06	8.76132401128459e-06
