fecha	gamma	alpha	lambda	subsample	tree_method	grow_policy	max_bin	max_depth	scale_pos_weight	eta	colsample_bytree	min_child_weight	max_leaves	prob_corte	nrounds	ganancia	iteracion
20220530 133223	0	0	0	1	hist	lossguide	256	0	1	0.188722299143556	0.44078710234724	9	542	0.0353400952425242	21	8954000	1
20220530 133335	0	0	0	1	hist	lossguide	256	0	1	0.0431884627647232	0.48869473493658	5	248	0.0332012071943609	39	8788000	2
20220530 133414	0	0	0	1	hist	lossguide	256	0	1	0.181406119616702	0.396504795998335	1	657	0.0362901399140052	7	5490000	3
20220530 133458	0	0	0	1	hist	lossguide	256	0	1	0.0900986732504098	0.581191657138988	7	168	0.037871633770313	41	8307000	4
20220530 133533	0	0	0	1	hist	lossguide	256	0	1	0.135832995334407	0.643601551633328	5	598	0.0289960143660816	14	8413000	5
20220530 133610	0	0	0	1	hist	lossguide	256	0	1	0.205884002258885	0.74644048771821	1	473	0.0107600761917032	2	7620000	6
20220530 133705	0	0	0	1	hist	lossguide	256	0	1	0.0621747201645048	0.861781783429906	6	385	0.0179141728964169	45	12426000	7
20220530 133744	0	0	0	1	hist	lossguide	256	0	1	0.107760556003195	0.336056631226093	4	343	0.0420595577374722	17	6182000	8
20220530 133815	0	0	0	1	hist	lossguide	256	0	1	0.267065659141401	0.830421153716743	1	284	0.0295906704903852	1	7101000	9
20220530 133846	0	0	0	1	hist	lossguide	256	0	1	0.145916277857847	0.309951511109248	8	744	0.0213552418688778	17	11587000	10
20220530 133916	0	0	0	1	hist	lossguide	256	0	1	0.243685741979396	0.26935619616881	2	454	0.0149535513182248	3	9271000	11
20220530 135201	0	0	0	1	hist	lossguide	256	0	1	0.026859075666056	0.777934752395377	0	919	0.0240185487059838	187	877000	12
20220530 135229	0	0	0	1	hist	lossguide	256	0	1	0.229693031832925	0.70835040747188	6	704	0.00926180536383375	6	10983000	13
20220530 135300	0	0	0	1	hist	lossguide	256	0	1	0.157954723470029	0.61533347165212	10	64	0.0479803301825693	27	7298000	14
20220530 135325	0	0	0	1	hist	lossguide	256	0	1	0.27328399819287	0.898740223562345	10	46	0.025779560492568	11	10715000	15
20220530 135355	0	0	0	1	hist	lossguide	256	0	1	0.222315371243749	0.967530508227646	4	925	0.0474208053094723	10	6485000	16
20220530 135444	0	0	0	1	hist	lossguide	256	0	1	0.0781801759613445	0.927536809975281	7	983	0.0134021021566393	43	12777000	17
20220530 135637	0	0	0	1	hist	lossguide	256	0	1	0.0225861066359794	0.410864182710648	9	778	0.0445716462039854	167	7678000	18
20220530 135707	0	0	0	1	hist	lossguide	256	0	1	0.290721003314597	0.221431728759781	2	829	0.0407058564048687	5	7308000	19
20220530 135747	0	0	0	1	hist	lossguide	256	0	1	0.112074438902666	0.555438974453136	3	121	0.0202525177325394	13	10599000	20
20220530 135924	0	0	0	1	hist	lossguide	256	0	1	0.0303942569210162	0.957632616728726	8	355	0.0130301772682169	106	12743000	21
20220530 140028	0	0	0	1	hist	lossguide	256	0	1	0.0416518512983724	0.554861482987456	7	35	0.0142332980451724	58	12702000	22
20220530 140110	0	0	0	1	hist	lossguide	256	0	1	0.0718007901056986	0.959444625194771	9	1024	0.0147732315078586	23	12562000	23
20220530 140151	0	0	0	1	hist	lossguide	256	0	1	0.0860250231607645	0.999714870599519	7	78	0.0149415530964301	20	12993000	24
20220530 140602	0	0	0	1	hist	lossguide	256	0	1	0.010595991906325	0.999614441089092	6	3	0.0125826920420869	1518	12861000	25
20220530 140703	0	0	0	1	hist	lossguide	256	0	1	0.0519354185945081	0.858443614311622	6	182	0.0123069641581249	45	12701000	26
20220530 141051	0	0	0	1	hist	lossguide	256	0	1	0.0100468445282281	0.999896148579743	8	850	0.0160259085395863	281	12646000	27
20220530 141448	0	0	0	1	hist	lossguide	256	0	1	0.0102098826180961	0.986962031961675	7	161	0.0166663647355102	249	12842000	28
20220530 141710	0	0	0	1	hist	lossguide	256	0	1	0.0113045798609853	0.237346703853162	8	1023	0.00842986465298312	39	12413000	29
20220530 141836	0	0	0	1	hist	lossguide	256	0	1	0.0388679489557851	0.201052261936033	10	492	0.0132196491871931	164	12929000	30
20220530 142007	0	0	0	1	hist	lossguide	256	0	1	0.0365622328311105	0.200353674144152	10	1024	0.0139374632491424	169	13242000	31
20220530 142251	0	0	0	1	hist	lossguide	256	0	1	0.0100841821972883	0.45286383989733	10	917	0.012489236683123	113	13035000	32
20220530 142325	0	0	0	1	hist	lossguide	256	0	1	0.138286191033172	0.200305990628073	10	1023	0.0105480751853588	9	11968000	33
20220530 142759	0	0	0	1	hist	lossguide	256	0	1	0.010007374333053	0.212457511699582	10	980	0.0168033711752966	570	13432000	34
20220530 143133	0	0	0	1	hist	lossguide	256	0	1	0.0101183205444638	0.200294266446492	10	4	0.0190515383445889	1096	13511000	35
20220530 143421	0	0	0	1	hist	lossguide	256	0	1	0.0101747601788581	0.526522272650331	10	13	0.016358263874167	374	13555000	36
20220530 143814	0	0	0	1	hist	lossguide	256	0	1	0.0101451416088034	0.372097528807979	10	93	0.0179355920271336	376	13121000	37
20220530 144154	0	0	0	1	hist	lossguide	256	0	1	0.0121924948610786	0.852490630372902	10	2	0.0145060401070663	1491	12975000	38
20220530 144704	0	0	0	1	hist	lossguide	256	0	1	0.0110452062977466	0.201487484494043	10	2	0.0153827279554192	2223	13099000	39
20220530 144927	0	0	0	1	hist	lossguide	256	0	1	0.0299124459235552	0.570241959444026	10	2	0.0197210861269268	995	13162000	40
20220530 145008	0	0	0	1	hist	lossguide	256	0	1	0.289751505431824	0.990210732349444	5	2	0.0165040900065967	247	12819000	41
20220530 145317	0	0	0	1	hist	lossguide	256	0	1	0.0109013572429686	0.575789283126418	9	4	0.0167606223106919	779	13426000	42
20220530 145703	0	0	0	1	hist	lossguide	256	0	1	0.010348626440236	0.200229140489105	10	680	0.0171380099342799	369	13259000	43
20220530 145730	0	0	0	1	hist	lossguide	256	0	1	0.258662317356208	0.20041706424378	10	2	0.0191302654915617	126	13238000	44
20220530 145759	0	0	0	1	hist	lossguide	256	0	1	0.287728622844022	0.201436397818355	6	3	0.0201173793690414	61	12475000	45
20220530 145836	0	0	0	1	hist	lossguide	256	0	1	0.110124516906091	0.546335791343926	10	2	0.0167690771801856	196	13093000	46
20220530 150342	0	0	0	1	hist	lossguide	256	0	1	0.010418125831474	0.20364998212882	8	972	0.0150284479425338	632	13025000	47
20220530 150640	0	0	0	1	hist	lossguide	256	0	1	0.0139559513409335	0.201055709976227	10	3	0.0236851507830846	962	12867000	48
20220530 150709	0	0	0	1	hist	lossguide	256	0	1	0.299988085733611	0.200257076779936	10	1018	0.0194673470574077	14	10995000	49
20220530 150751	0	0	0	1	hist	lossguide	256	0	1	0.23046663951779	0.851223640318011	7	2	0.0168234411771563	202	12805000	50
20220530 151136	0	0	0	1	hist	lossguide	256	0	1	0.0110981080296649	0.496982547219934	10	496	0.0163783403324915	281	13239000	51
20220530 151624	0	0	0	1	hist	lossguide	256	0	1	0.0103880570111267	0.20013218441918	10	295	0.0191864745618744	518	13032000	52
20220530 151924	0	0	0	1	hist	lossguide	256	0	1	0.010083461969564	0.998646555529991	7	542	0.00841405262780907	71	11947000	53
20220530 151959	0	0	0	1	hist	lossguide	256	0	1	0.150786920731104	0.983106922624828	5	2	0.016403505083861	145	12793000	54
20220530 152021	0	0	0	1	hist	lossguide	256	0	1	0.299567506477953	0.201280188978707	9	3	0.0211585792868136	70	12317000	55
20220530 152335	0	0	0	1	hist	lossguide	256	0	1	0.0115525439707675	0.552455968331718	9	1024	0.0156072120237926	259	13577000	56
20220530 152658	0	0	0	1	hist	lossguide	256	0	1	0.0100192461462119	0.624028705094554	8	1023	0.0140702456798038	214	13417000	57
20220530 153102	0	0	0	1	hist	lossguide	256	0	1	0.0100031134033426	0.52151324835972	9	1019	0.0145842300244044	408	13634000	58
20220530 153133	0	0	0	1	hist	lossguide	256	0	1	0.282151410036004	0.200716686027353	10	393	0.0169220513671848	14	10971000	59
20220530 153439	0	0	0	1	hist	lossguide	256	0	1	0.0110536070281522	0.432881780974466	9	1024	0.0163334592510191	230	12941000	60
20220530 153758	0	0	0	1	hist	lossguide	256	0	1	0.0102655124954211	0.568996088643004	9	854	0.0137023748535138	193	13772000	61
20220530 153837	0	0	0	1	hist	lossguide	256	0	1	0.162431504318099	0.200195893812479	10	2	0.0201281683436658	235	13219000	62
20220530 154148	0	0	0	1	hist	lossguide	256	0	1	0.0101229787608042	0.56666607292903	9	624	0.0133625206558657	174	13495000	63
20220530 154415	0	0	0	1	hist	lossguide	256	0	1	0.0105251255162653	0.568925333996279	10	27	0.00835757327599871	65	12148000	64
20220530 154727	0	0	0	1	hist	lossguide	256	0	1	0.0102718531967875	0.591268835928459	9	939	0.0139789871284488	195	13493000	65
20220530 155100	0	0	0	1	hist	lossguide	256	0	1	0.0101626663785842	0.534354484440316	8	808	0.0141019056210654	234	13301000	66
20220530 155432	0	0	0	1	hist	lossguide	256	0	1	0.0100755509534831	0.752651077126165	9	823	0.0127133976602767	213	13621000	67
20220530 155803	0	0	0	1	hist	lossguide	256	0	1	0.0100419027568388	0.565184196907634	10	798	0.0138268351117971	240	13572000	68
20220530 160220	0	0	0	1	hist	lossguide	256	0	1	0.0107159091970789	0.200047257422472	10	1024	0.0209873461720574	524	12773000	69
20220530 160247	0	0	0	1	hist	lossguide	256	0	1	0.299172248487808	0.999236892437583	6	1024	0.0169244784892691	8	10589000	70
20220530 160548	0	0	0	1	hist	lossguide	256	0	1	0.0125135024745851	0.551025877742038	9	835	0.0126668020804953	216	13289000	71
20220530 160623	0	0	0	1	hist	lossguide	256	0	1	0.183674875432478	0.864018491313354	6	3	0.0190100095478162	106	12170000	72
20220530 160934	0	0	0	1	hist	lossguide	256	0	1	0.0101648446557274	0.754761431668396	9	674	0.0148370978243952	164	13305000	73
20220530 161244	0	0	0	1	hist	lossguide	256	0	1	0.010191953415748	0.826407898193901	10	865	0.0098304833422705	169	12772000	74
20220530 161358	0	0	0	1	hist	lossguide	256	0	1	0.0271993676647068	0.231407741662553	10	3	0.0278307883716073	321	11998000	75
20220530 161718	0	0	0	1	hist	lossguide	256	0	1	0.0101061316579207	0.571033814073594	9	329	0.0143513072741768	195	13533000	76
20220530 161820	0	0	0	1	hist	lossguide	256	0	1	0.0513538603992007	0.718777434326866	10	858	0.0146289547388909	56	12922000	77
20220530 161857	0	0	0	1	hist	lossguide	256	0	1	0.299031570114482	0.999485859580803	10	2	0.013132698221873	223	12787000	78
20220530 162204	0	0	0	1	hist	lossguide	256	0	1	0.0111778489133218	0.810405699522593	8	984	0.013565141697732	179	13509000	79
20220530 162542	0	0	0	1	hist	lossguide	256	0	1	0.0100698973546115	0.705890209453599	7	469	0.0141077676977183	218	13205000	80
20220530 162843	0	0	0	1	hist	lossguide	256	0	1	0.0121839614321958	0.749337544633565	9	1023	0.0135272148929261	213	13746000	81
20220530 163330	0	0	0	1	hist	lossguide	256	0	1	0.0100122271145331	0.201733478760118	7	510	0.0178494005905686	482	13069000	82
20220530 163653	0	0	0	1	hist	lossguide	256	0	1	0.0100985586200096	0.201521061960584	5	5	0.0183560485043831	875	13550000	83
20220530 164127	0	0	0	1	hist	lossguide	256	0	1	0.0100441118324005	0.200339813867342	6	204	0.0173478752460729	468	13151000	84
20220530 164153	0	0	0	1	hist	lossguide	256	0	1	0.298558812541855	0.995699036954915	6	11	0.00837150576387438	13	10884000	85
20220530 164537	0	0	0	1	hist	lossguide	256	0	1	0.0106063362733034	0.231747395553908	6	29	0.0197732052442067	504	12872000	86
20220530 164747	0	0	0	1	hist	lossguide	256	0	1	0.0192660630442627	0.20002058675258	5	918	0.018055941824583	106	12400000	87
20220530 165107	0	0	0	1	hist	lossguide	256	0	1	0.0101259129633621	0.200267422103656	4	4	0.00976100960048862	990	12708000	88
20220530 165140	0	0	0	1	hist	lossguide	256	0	1	0.288892133071063	0.48758448280812	10	2	0.0191673846289535	197	13221000	89
20220530 165534	0	0	0	1	hist	lossguide	256	0	1	0.0102914586898048	0.200508237994204	5	417	0.0136493284359045	251	13023000	90
20220530 170004	0	0	0	1	hist	lossguide	256	0	1	0.0102336327289698	0.211834191128352	10	856	0.0154516274186233	597	13272000	91
20220530 170308	0	0	0	1	hist	lossguide	256	0	1	0.0101439672670503	0.61307944385397	10	174	0.0155515689293725	203	13332000	92
20220530 170337	0	0	0	1	hist	lossguide	256	0	1	0.283072816477518	0.745175116240364	10	3	0.0134217148762663	71	12693000	93
20220530 170410	0	0	0	1	hist	lossguide	256	0	1	0.262481286987131	0.476872238357519	10	2	0.0249620464811427	196	12292000	94
20220530 170442	0	0	0	1	hist	lossguide	256	0	1	0.110634333800679	0.200384106294851	5	2	0.017825641311051	161	13102000	95
20220530 170719	0	0	0	1	hist	lossguide	256	0	1	0.0100780776010821	0.215851117567228	10	481	0.00833731386114615	51	12191000	96
20220530 171054	0	0	0	1	hist	lossguide	256	0	1	0.0100596751157611	0.425685476412346	10	6	0.0133999734768033	907	13579000	97
20220530 171112	0	0	0	1	hist	lossguide	256	0	1	0.294399333289288	0.999883157152165	10	9	0.0179018137859607	11	11856000	98
20220530 171441	0	0	0	1	hist	lossguide	256	0	1	0.0104535230337139	0.851977701074689	7	783	0.0136108123537724	187	13181000	99
20220530 171948	0	0	0	1	hist	lossguide	256	0	1	0.0105298708673506	0.226298763868058	4	2	0.0157476920054919	2290	13053000	100
20220530 172017	0	0	0	1	hist	lossguide	256	0	1	0.295211260910882	0.998804464463753	10	3	0.0341299355831155	126	9779000	101
20220530 172359	0	0	0	1	hist	lossguide	256	0	1	0.0100915471938829	0.564557504398213	9	453	0.0183241229293957	329	13183000	102
20220530 172622	0	0	0	1	hist	lossguide	256	0	1	0.0143382963204815	0.741516294907604	9	144	0.013494864381593	120	13526000	103
20220530 172903	0	0	0	1	hist	lossguide	256	0	1	0.0105599408350937	0.760983078290965	8	1023	0.00834025984597281	30	12498000	104
20220530 173227	0	0	0	1	hist	lossguide	256	0	1	0.0101094746151009	0.652936858211353	9	498	0.0138471196869457	194	13564000	105
20220530 173338	0	0	0	1	hist	lossguide	256	0	1	0.0399085634327831	0.303258590417799	10	6	0.0133957837985327	289	13553000	106
20220530 173630	0	0	0	1	hist	lossguide	256	0	1	0.0138854657101942	0.200296839361811	10	1022	0.0268542929444795	294	11945000	107
20220530 173656	0	0	0	1	hist	lossguide	256	0	1	0.29649079908493	0.653837287978194	5	3	0.0176533556832611	47	12942000	108
20220530 174032	0	0	0	1	hist	lossguide	256	0	1	0.0100202096381237	0.284231812488187	10	852	0.0135140720099042	344	13231000	109
20220530 174053	0	0	0	1	hist	lossguide	256	0	1	0.264492598198914	0.298584386118655	10	2	0.0120660143919488	72	12319000	110
20220530 174341	0	0	0	1	hist	lossguide	256	0	1	0.0122894967856305	0.708037744994986	8	852	0.0136256203596444	163	13163000	111
20220530 174436	0	0	0	1	hist	lossguide	256	0	1	0.223986568896425	0.311476531414057	10	2	0.0190599640646081	392	12994000	112
20220530 174800	0	0	0	1	hist	lossguide	256	0	1	0.0103657046690693	0.784092014198971	9	456	0.0134040360261867	252	13467000	113
20220530 175217	0	0	0	1	hist	lossguide	256	0	1	0.0101311529022647	0.562142799473627	5	235	0.0163770352072445	298	13005000	114
20220530 175404	0	0	0	1	hist	lossguide	256	0	1	0.0156965472619189	0.999714264653463	10	15	0.011828397390291	150	12927000	115
20220530 175842	0	0	0	1	hist	lossguide	256	0	1	0.0105905788765756	0.479261016387283	10	3	0.0138038229058327	1718	13568000	116
20220530 180147	0	0	0	1	hist	lossguide	256	0	1	0.0100769654885292	0.201794457527092	5	26	0.0132863210586868	284	13163000	117
20220530 180335	0	0	0	1	hist	lossguide	256	0	1	0.020756738210488	0.777402793436999	9	1023	0.0132974812767337	104	13460000	118
20220530 180359	0	0	0	1	hist	lossguide	256	0	1	0.29348748645081	0.565998352680716	9	1023	0.0145114378608178	6	11315000	119
20220530 180653	0	0	0	1	hist	lossguide	256	0	1	0.0105458427701339	0.340557705056085	5	30	0.0133550259930106	232	13305000	120
